ticker,entry_date,exit_date,entry,exit,pnl,ret_pct
D01_SI,2017-06-01,2017-07-03,5.149205207824707,5.053848743438721,-274.3467423176753,-2.7312436281783232
U96_SI,2017-06-01,2017-07-03,1.1807174682617188,1.1548082828521729,-308.43294537126894,-3.070666837351177
A17U_SI,2017-06-01,2017-08-01,1.5615053176879885,1.5851653814315796,60.838292006730626,0.6056647261680219
S59_SI,2017-07-03,2017-08-01,3.1010241508483887,2.7937798500061035,-1049.70953977108,-10.715030329670382
G92_SI,2017-06-01,2017-09-04,1.2821592092514038,1.170017123222351,-960.656483416913,-9.563950080467588
H78_SI,2017-06-01,2017-09-04,5.0247111320495605,4.892577648162842,-351.75495396137194,-3.5020803460871366
5E2_SI,2017-07-03,2017-09-04,18.011159896850586,17.194387435913086,-527.5818063487986,-5.390150886273869
B61_SI,2017-08-01,2017-09-04,4.543301105499268,4.466413974761963,-243.7864416904431,-2.573124131262608
Z25_SI,2017-06-01,2017-10-02,1.4244905710220337,1.4436368942260742,43.80304226517728,0.4360714386196366
C38U_SI,2017-09-04,2017-10-02,1.3589245080947876,1.2954236268997192,-517.2539901342388,-5.526978413163152
F17_SI,2017-09-04,2017-10-02,1.6882753372192385,1.6594160795211792,-242.37190954697144,-2.5900453659591283
J85_SI,2017-09-04,2017-11-01,1.0196046829223633,1.0290164947509766,1.7637850427636295,0.01884572020860173
A17U_SI,2017-10-02,2017-11-01,1.5851653814315796,1.6206538677215576,124.2254434465176,1.3227606511446455
G92_SI,2017-10-02,2017-11-01,1.207397699356079,1.3270162343978882,837.8984649279719,8.922403312670669
TQ5_SI,2017-10-02,2017-11-01,1.5353422164916992,1.5206499099731443,-173.1971666526806,-1.8443344408632276
F17_SI,2017-11-01,2017-12-01,1.76763916015625,1.559681415557861,-1208.2843245649346,-12.555277017057964
U96_SI,2017-11-01,2017-12-01,1.2835057973861694,1.1513800621032717,-1067.96943440008,-11.097864469203202
VC2_SI,2017-11-01,2017-12-01,1.4506946802139282,1.38307785987854,-530.7555338413713,-5.515203057468719
C2PU_SI,2017-08-01,2018-01-02,1.90880286693573,2.1278107166290283,992.5665436993859,10.474803186061184
J85_SI,2017-12-01,2018-01-02,1.0415654182434082,1.0603891611099243,78.15984982717055,0.8950944054100864
T82U_SI,2017-09-04,2018-02-01,1.1675933599472046,1.275507569313049,773.3267161145213,8.263670485680239
C38U_SI,2017-12-01,2018-02-01,1.326238751411438,1.3446722030639648,42.03966535031941,0.48148322266481536
CC3_SI,2017-12-01,2018-02-01,1.8287431001663208,1.82248055934906,-107.86005374598426,-1.2353504462059084
A17U_SI,2018-01-02,2018-02-01,1.6759823560714722,1.6576993465423584,-191.45288800191884,-1.977077352079394
C6L_SI,2018-01-02,2018-02-01,5.729471206665039,6.175156116485596,659.5358941092509,6.813150186710351
U14_SI,2017-06-01,2018-03-01,5.630227565765381,6.829851150512695,2030.9505374107375,20.21996945776034
W05_SI,2017-06-01,2018-03-01,1.478251814842224,1.7511284351348877,1747.4415836107746,17.39805524216968
C2PU_SI,2018-02-01,2018-03-01,2.187999963760376,2.014693021774292,-832.1163125624644,-8.74579309035732
J85_SI,2018-02-01,2018-03-01,1.1427319049835205,1.0717147588729858,-671.2610918954015,-7.0549678875757005
TQ5_SI,2018-02-01,2018-03-01,1.6092689037322998,1.4732744693756104,-882.1105669469835,-9.270949306263006
D01_SI,2018-03-01,2018-04-02,5.416899681091309,5.228314399719238,-436.79471152687074,-4.346200348693948
U96_SI,2018-03-01,2018-04-02,1.1966804265975952,1.1740299463272097,-278.5774579668014,-2.7717855031047174
C09_SI,2017-06-01,2018-05-02,8.517836570739746,9.9651517868042,1601.5024361667638,15.943375049983912
VC2_SI,2018-02-01,2018-05-02,1.370784044265747,1.3952622413635254,83.13413269400735,0.8737402473426951
ES3_SI,2018-03-01,2018-05-02,2.534869432449341,2.6304702758789062,285.59234778702375,2.8416717174923156
J69U_SI,2018-03-01,2018-05-02,1.4636571407318115,1.4841294288635254,49.268751214503936,0.4902077845467397
U14_SI,2018-04-02,2018-05-02,6.909825801849365,7.0743408203125,142.5255349347608,1.4635850636598828
ME8U_SI,2017-06-01,2018-06-01,1.084070086479187,1.2374011278152466,1317.9658981208813,13.121321508584192
S58_SI,2018-02-01,2018-06-01,4.609846115112305,4.448841094970703,-414.43375725364604,-4.357308554021584
T82U_SI,2018-05-02,2018-06-01,1.2406412363052368,1.1197582483291626,-1093.067778380393,-10.552258084986216
5E2_SI,2017-11-01,2018-07-02,21.943313598632812,21.82110023498535,-139.15080649185074,-1.4479284035856144
C6L_SI,2018-03-01,2018-07-02,5.9335198402404785,5.595229148864746,-657.8267242398251,-6.546235161514608
J85_SI,2018-04-02,2018-07-02,1.0910831689834597,1.0071537494659424,-829.6990214906946,-8.519350211766092
C38U_SI,2018-05-02,2018-07-02,1.3959189653396606,1.3363770246505735,-530.6619330215472,-5.12318084937466
C52_SI,2018-05-02,2018-07-02,1.5434091091156006,1.5858625173568726,189.55123364585597,1.830012867070147
D01_SI,2018-05-02,2018-07-02,5.528566360473633,5.809237957000732,428.30000478863803,4.135297655016411
N2IU_SI,2018-05-02,2018-07-02,1.0314233303070068,0.999391496181488,-411.62266744547924,-3.973738265790736
A17U_SI,2018-06-01,2018-07-02,1.6663331985473633,1.635011076927185,-274.6215821033111,-2.758829989695059
F34_SI,2018-06-01,2018-07-02,2.3327715396881104,2.1820380687713623,-726.6208849296563,-7.299636247773439
Z25_SI,2018-06-01,2018-07-02,1.3389638662338257,1.243323564529419,-793.8356646521679,-7.974829452400448
C2PU_SI,2019-03-01,2019-04-01,2.1494431495666504,2.209990978240967,184.59599169731337,1.8957009189322085
C52_SI,2019-03-01,2019-04-01,1.737035036087036,1.8585561513900757,587.9078696283723,6.037244044107319
J85_SI,2019-03-01,2019-05-02,1.1010305881500244,1.1010305881500244,-87.25116895794781,-0.895968143354894
ME8U_SI,2019-03-01,2019-05-02,1.3331398963928225,1.3819936513900757,266.4144761223779,2.7357618083664526
T82U_SI,2019-03-01,2019-05-02,1.2723017930984497,1.2342110872268677,-376.1501353939766,-3.862986305725169
9A4U_SI,2019-04-01,2019-05-02,3.0007972717285156,2.9730117321014404,-184.50342048704624,-1.81361060800883
J69U_SI,2019-04-01,2019-05-02,1.6784430742263794,1.7006925344467163,42.4995737872141,0.4177560146632533
H78_SI,2019-03-01,2019-06-03,5.010504245758057,4.6743669509887695,-734.3769621090887,-7.5445127877835905
EB5_SI,2019-05-02,2019-06-03,1.2806401252746582,1.0978240966796875,-1487.5814569432714,-15.043428592398365
M44U_SI,2019-05-02,2019-06-03,1.0186777114868164,0.9986433386802672,-281.3414366321558,-2.845050859565715
Z25_SI,2019-05-02,2019-06-03,1.1636232137680054,1.0216121673583984,-1284.6053635847566,-12.990834506324465
C38U_SI,2019-03-01,2019-07-01,1.6598619222640991,1.861024022102356,1082.2577804374705,11.114654477306823
C2PU_SI,2019-06-03,2019-07-01,2.273728847503662,2.3349740505218506,158.58114651024516,1.7734999234487472
C09_SI,2019-07-01,2019-08-01,7.844140529632568,7.811659812927246,-130.7234091734881,-1.306334323171631
A17U_SI,2019-03-01,2019-09-02,1.808700680732727,2.0838005542755127,1380.648192400933,14.177563326926016
AJBU_SI,2019-03-01,2019-09-02,1.0375945568084717,1.33471941947937,2676.2972092721448,27.48339416374079
N2IU_SI,2019-03-01,2019-09-02,1.1879390478134155,1.543494701385498,2801.035885877611,28.7663271429875
C52_SI,2019-05-02,2019-09-02,1.9371871948242188,1.8540784120559692,-508.9611177139868,-5.147707715574692
U14_SI,2019-05-02,2019-09-02,6.250224590301514,6.137495517730713,-265.34625556468745,-2.683408808537084
F34_SI,2019-06-03,2019-09-02,2.456110715866089,2.8336405754089355,1282.2566729038954,14.337356228089654
J69U_SI,2019-06-03,2019-09-02,1.816917061805725,2.012573003768921,874.2738596737381,9.776116517455979
ME8U_SI,2019-06-03,2019-09-02,1.3886699676513672,1.5838842391967771,1165.7619922871581,13.03572321368403
M44U_SI,2019-07-01,2019-09-02,1.1005462408065796,1.07328462600708,-335.28391984015616,-3.350872663834753
Z74_SI,2019-08-01,2019-09-02,2.5338048934936523,2.367901086807251,-732.6738630640484,-7.384919279729738
A17U_SI,2019-11-01,2019-12-02,2.1037092208862305,2.067525863647461,-271.85701809453894,-2.6005366991559424
C2PU_SI,2019-11-01,2019-12-02,2.5696864128112793,2.5488901138305664,-177.51106806993448,-1.6980103950513319
C38U_SI,2019-11-01,2019-12-02,1.818403720855713,1.7827492952346802,-296.7925720290532,-2.839154517233627
J69U_SI,2019-11-01,2019-12-02,1.9829084873199463,2.00485897064209,21.025025717139215,0.2010978142207121
S59_SI,2019-12-02,2020-01-02,2.44817852973938,2.456829309463501,-56.331108052969284,-0.5457783434895411
AJBU_SI,2019-11-01,2020-02-03,1.496742606163025,1.6967875957489014,1291.1777169717552,12.349639310490488
C09_SI,2019-11-01,2020-02-03,8.876928329467773,8.541796684265137,-484.64064389991654,-4.637453487117188
CY6U_SI,2019-11-01,2020-02-03,1.0474296808242798,1.033521056175232,-231.26283676862658,-2.211952218979543
M44U_SI,2019-11-01,2020-02-03,1.188745141029358,1.3033483028411863,905.1684302076701,8.658338332494848
ME8U_SI,2019-11-01,2020-02-03,1.7535982131958008,1.9271785020828247,931.8946704211849,8.913865346492829
N2IU_SI,2019-11-01,2020-02-03,1.638350486755371,1.623361349105835,-188.44377346610963,-1.802663009399803
EB5_SI,2019-12-02,2020-02-03,1.2580682039260864,1.1944581270217896,-609.7121659746153,-5.906837242704173
F34_SI,2019-12-02,2020-02-03,3.05734920501709,2.8709256649017334,-716.2317115977985,-6.938890694728134
U14_SI,2019-12-02,2020-02-03,6.504909992218018,6.538311958312988,-39.93690910553778,-0.3870803161734648
J69U_SI,2020-01-02,2020-02-03,2.041444778442383,2.1000404357910156,201.0335976133356,1.9486181779908853
9A4U_SI,2020-12-01,2021-01-04,2.562842845916748,2.562842845916748,-94.54583542871478,-0.8959681433549032
AJBU_SI,2020-12-01,2021-01-04,2.1246137619018555,2.117026090621948,-131.88145024681216,-1.2499001519514088
BVA_SI,2020-12-01,2021-01-04,1.4160186052322388,1.2727618217468262,-1152.5883556231838,-10.922195752059478
ME8U_SI,2020-12-01,2021-01-04,2.073831558227539,2.0666801929473877,-130.62006290077989,-1.2377167920003738
C2PU_SI,2020-12-01,2021-02-01,3.207258701324463,3.270395278930664,111.3078661262989,1.0549469467875268
F34_SI,2020-12-01,2021-02-01,3.243857145309448,4.076010227203369,2587.853891687633,24.527384933974705
BUOU_SI,2021-01-04,2021-02-01,1.025066375732422,1.025066375732422,-91.60095640182408,-0.8959681433548943
C52_SI,2021-01-04,2021-03-01,1.290921688079834,1.260001301765442,-334.27797153639585,-3.2697255746668437
T82U_SI,2021-02-01,2021-03-01,1.1445658206939695,1.0803406238555908,-733.6869971153719,-6.457007830535843
X5N_SI,2021-01-04,2021-04-01,1.7312155961990356,1.978532314300537,1355.8317498725064,13.261762391897413
F34_SI,2021-03-01,2021-04-01,4.122241020202637,4.206998348236084,117.66934392905387,1.1417081827852966
S20_SI,2021-03-01,2021-04-01,1.8268861770629885,1.8333419561386108,-56.24563009357553,-0.5457581832584759
S58_SI,2020-12-01,2021-06-01,3.795609712600708,3.676996946334839,-421.2466860713939,-3.992968166195247
C6L_SI,2021-02-01,2021-06-01,3.3613011837005615,4.080996036529541,2309.078194112184,20.32339237324814
ES3_SI,2021-04-01,2021-06-01,2.573110580444336,2.602983236312866,27.4922163698684,0.2545850669646527
S59_SI,2021-04-01,2021-06-01,1.943354845046997,1.9699764251708984,49.85211260461983,0.4616356578230438
VC2_SI,2021-01-04,2021-07-01,1.0837430953979492,1.1909416913986206,910.6719358091359,8.906920676100153
5E2_SI,2021-04-01,2021-07-01,3.155592679977417,2.0980429649353027,-3683.617994038461,-34.10920295484827
F34_SI,2021-06-01,2021-07-01,3.839909315109253,3.5701639652252197,-897.1484117507935,-7.857812696011611
H78_SI,2021-02-01,2021-08-02,3.39833402633667,3.541236639022827,371.6528847351092,3.2714341691580215
Z25_SI,2021-06-01,2021-08-02,1.1798018217086792,1.049744963645935,-1349.9054919991468,-11.82081905260191
H13_SI,2021-07-01,2021-08-02,2.5112533569335938,2.467503070831299,-252.6447612140164,-2.622528203751784
MZH_SI,2021-07-01,2021-09-01,5.215838432312012,4.10624361038208,-2117.689767473459,-21.978929590028457
B61_SI,2021-08-02,2021-09-01,4.204092979431152,4.048081398010254,-477.4578170471177,-4.573664333897837
C6L_SI,2021-08-02,2021-09-01,4.080996036529541,4.138245105743408,51.60854693555848,0.4942840226234775
U96_SI,2020-12-01,2021-10-01,1.5391013622283936,1.5581414699554443,34.82976726865854,0.3300404153040135
O5RU_SI,2021-08-02,2021-10-01,1.10222589969635,0.9923575520515442,-1125.0614610386183,-10.774520469177961
S20_SI,2021-09-01,2021-10-01,2.1129345893859863,2.026827812194824,-462.1986793963897,-4.9346775443429225
ME8U_SI,2021-09-01,2021-11-01,2.169900894165039,2.043570756912231,-624.3143943563718,-6.665736698417953
M44U_SI,2021-10-01,2021-11-01,1.5012784004211426,1.5176042318344116,17.53327865725987,0.18175049698055737
SET_SI,2021-10-01,2021-11-01,1.3959388732910156,1.4228875637054443,98.13612356186059,1.0172416141970357
AIY_SI,2020-12-01,2021-12-01,3.434946298599243,7.941131114959717,13623.366967142345,129.11511347810534
VC2_SI,2021-10-01,2021-12-01,1.3290220499038696,1.3138329982757568,-195.69380466639814,-2.0286026670135384
O5RU_SI,2021-11-01,2021-12-01,1.0233912467956543,0.9949637055397034,-343.93046028664685,-3.648858558488962
EB5_SI,2021-11-01,2022-01-03,1.2818069458007812,1.141839623451233,-1104.546591321765,-11.717664825887013
AGS_SI,2021-12-01,2022-01-03,1.7752584218978882,1.6995365619659424,-732.6033091844893,-5.123150803847354
E28_SI,2020-12-01,2022-02-03,1.029158115386963,1.548970341682434,5187.814297220231,49.15998211739799
BSL_SI,2021-06-01,2022-02-03,1.010831356048584,1.1338893175125122,1275.4853622148657,11.168893181098126
9A4U_SI,2021-07-01,2022-02-03,2.8626344203948975,3.0059728622436523,391.7145254075549,4.0663900977303555
BUOU_SI,2021-09-01,2022-02-03,1.1134215593338013,1.0428045988082886,-672.6798177361488,-7.181480981571598
CC3_SI,2021-12-01,2022-02-03,1.0341554880142212,1.0035138130187988,-548.0407981780754,-3.8323868638302656
C2PU_SI,2021-06-01,2022-03-01,3.64484190940857,3.7938425540924072,360.3273549814221,3.1553912857852797
C6L_SI,2022-02-03,2022-03-01,4.170958042144775,4.179136753082275,-85.83840967178185,-0.7016379148782934
H78_SI,2021-11-01,2022-04-01,4.278672695159912,4.061303615570068,-558.9934477629649,-5.930742645431259
VC2_SI,2022-01-03,2022-04-01,1.321427583694458,1.3638943433761597,251.66082359486973,2.288941235165377
Z74_SI,2022-01-03,2022-04-01,1.928165078163147,2.1929776668548584,1397.8140254209047,12.714897193312845
ES3_SI,2022-02-03,2022-04-01,2.7485873699188232,2.838663339614868,287.784569541931,2.351842665925894
C38U_SI,2022-03-01,2022-05-04,1.66580069065094,1.8165160417556765,970.0277020853791,8.070590125589382
F34_SI,2022-03-01,2022-05-04,3.5234858989715576,3.6246821880340576,234.42429295063266,1.9503495495728913
J69U_SI,2022-04-01,2022-05-04,1.9593172073364256,1.9432573318481443,-193.1552929544432,-1.708291133243831
J85_SI,2022-04-01,2022-06-01,1.0198894739151,0.9728176593780518,-618.5024058811068,-5.46999967004763
T82U_SI,2021-12-01,2022-07-01,1.1502954959869385,1.2617310285568235,1244.795569880007,8.704791494752476
C09_SI,2022-02-03,2022-07-01,6.030435085296631,7.070126056671143,1981.091661396029,16.19028943023072
EB5_SI,2022-02-03,2022-07-01,1.2228732109069824,1.2214670181274414,-123.57341487336089,-1.0099287508628962
U96_SI,2022-02-03,2022-07-01,1.992377519607544,2.4606714248657227,2740.632201139213,22.39771673727006
5E2_SI,2022-04-01,2022-07-01,1.8809086084365845,2.0964293479919434,1182.771971727314,10.459700145289736
S59_SI,2022-04-01,2022-07-01,2.271684408187866,2.147451639175415,-714.1090564727765,-6.315721104405719
9CI_SI,2022-05-04,2022-07-01,3.4497859477996826,3.2953803539276123,-649.0578127534372,-5.331668539114751
AGS_SI,2022-05-04,2022-07-01,2.086559295654297,1.9098752737045288,-1130.631613389014,-9.287821169692798
Z74_SI,2022-05-04,2022-07-01,2.2840065956115723,2.1102237701416016,-1027.0127103867508,-8.436479937237074
C6L_SI,2022-06-01,2022-07-01,4.506270408630371,4.195492744445801,-830.0472393417349,-7.730737639809172
9CI_SI,2022-08-01,2022-09-01,3.4692790508270264,3.234515905380249,-943.4165232117157,-7.602253196895725
C38U_SI,2022-08-01,2022-09-01,1.7371922731399536,1.6653730869293213,-619.6737541136736,-4.993137482746392
C6L_SI,2022-08-01,2022-09-01,4.43266487121582,4.334525108337402,-383.469232270716,-3.0901439877468007
J85_SI,2022-08-01,2022-09-01,1.027734637260437,0.9884487986564636,-581.3678593966342,-4.684285535188181
T82U_SI,2022-08-01,2022-09-01,1.2775026559829712,1.256840705871582,-310.11507546347275,-2.4988474426420955
5E2_SI,2022-08-01,2022-10-03,2.155207872390747,2.076836585998535,-558.4829838463065,-4.49975530595666
C09_SI,2022-08-01,2022-10-03,6.867871284484863,6.829834938049316,-179.31716796207365,-1.4448362180048393
N2IU_SI,2022-08-01,2022-10-03,1.5188604593276978,1.3457262516021729,-1513.1261130195853,-12.192791319264233
OV8_SI,2022-08-01,2022-10-03,1.4048629999160769,1.3971755504608154,-178.50879868656375,-1.4382681653186582
U96_SI,2022-08-01,2022-10-03,2.5553128719329834,2.682975053787231,503.2745997214315,4.055220838760484
AGS_SI,2022-09-01,2022-10-03,2.04742169380188,1.770976424217224,-1698.638333554567,-14.277110331344078
BSL_SI,2022-09-01,2022-10-03,1.2867224216461182,1.196741819381714,-931.1427413678139,-7.826321048749544
C2PU_SI,2022-09-01,2022-10-03,4.13158655166626,3.618346691131592,-1570.8963293247216,-13.20701109319082
H30_SI,2022-09-01,2022-10-03,1.0132800340652466,0.9176874756813048,-1218.951271446318,-10.245415120349563
Z74_SI,2022-09-01,2022-10-03,2.2168872356414795,2.1915993690490723,-241.06339282679437,-2.0264404091827677
A17U_SI,2022-12-01,2023-01-03,2.2408525943756104,2.185030221939087,-385.13202738404107,-3.3647705046294467
ES3_SI,2022-12-01,2023-02-01,2.835304021835327,2.9039618968963623,172.1385060970788,1.5038705282151072
OV8_SI,2022-12-01,2023-02-01,1.450232744216919,1.450232744216919,-102.55030804180933,-0.8959681433548885
Z74_SI,2022-12-01,2023-02-01,2.3180222511291504,2.2055811882019043,-652.8314206352225,-5.703239806475773
5E2_SI,2022-12-01,2023-03-01,2.840955972671509,2.253171682357788,-2449.549245557784,-21.40026092101069
BSL_SI,2022-12-01,2023-03-01,1.2417320013046265,1.2777241468429563,226.2551987832776,1.9766055958030035
C09_SI,2022-12-01,2023-03-01,7.517341613769531,7.028850078582764,-839.2333376705628,-7.33594162762165
AIY_SI,2022-12-01,2023-04-03,5.527892112731934,4.775404453277588,-1646.4349901368605,-14.386564459902823
J85_SI,2023-02-01,2023-04-03,1.092076539993286,0.9819239377975464,-1231.0601815747577,-10.892123721576574
O5RU_SI,2023-03-01,2023-04-03,1.0554683208465576,1.0321863889694214,-322.71190983223823,-3.082043530804999
BS6_SI,2022-12-01,2023-05-02,1.167694926261902,1.0592660903930664,-1155.9551157708756,-10.098487193877734
D01_SI,2023-02-01,2023-05-02,2.4847662448883057,2.3178505897521973,-853.6522070789324,-7.553340617732362
EB5_SI,2023-02-01,2023-05-02,1.1955100297927856,1.1648558378219604,-388.48819078636006,-3.437104513530666
5E2_SI,2023-04-03,2023-05-02,2.409914255142212,2.5470635890960693,476.8278605346695,4.7440881085546485
E28_SI,2023-04-03,2023-05-02,1.045024037361145,0.9533551931381226,-963.8343485295773,-9.589310816199754
U96_SI,2022-12-01,2023-06-01,2.82235050201416,4.60568904876709,7064.3962327423105,61.724191904966005
C6L_SI,2023-01-03,2023-06-01,4.572145938873291,5.4965691566467285,2129.2141076211938,19.14146488001388
AJBU_SI,2023-03-01,2023-06-01,1.676360249519348,1.7690231800079346,479.7728280364299,4.582132412718328
VC2_SI,2023-03-01,2023-06-01,1.2404505014419556,1.1528302431106567,-826.7713521920432,-7.8962642961303535
M44U_SI,2023-04-03,2023-06-01,1.4202289581298828,1.3744086027145386,-411.40140117376905,-4.09332722885369
9CI_SI,2023-05-02,2023-06-01,3.4298033714294434,3.0193216800689697,-1313.6737319816348,-12.756820271505768
BUOU_SI,2023-05-02,2023-06-01,1.0602312088012695,1.048328161239624,-206.87782247316682,-2.008593384856896
H78_SI,2023-05-02,2023-06-01,3.738861083984375,3.6540796756744385,-323.69211761927545,-3.143224514015578
OV8_SI,2023-05-02,2023-06-01,1.609404683113098,1.4484074115753174,-1113.379560815869,-10.809869161991305
U14_SI,2023-05-02,2023-06-01,6.246608734130859,5.924524784088135,-618.4174974853977,-6.0059116989903645
BUOU_SI,2023-07-03,2023-08-01,1.0319480895996094,1.0155680179595947,-272.6005663150554,-2.469042562491615
J69U_SI,2023-07-03,2023-08-01,1.8920598030090332,1.8833404779434204,-149.34141035038192,-1.3526768941547855
M44U_SI,2023-07-03,2023-08-01,1.3579485416412354,1.391176700592041,168.8173298499587,1.5290460764168534
ME8U_SI,2023-07-03,2023-08-01,1.8464784622192385,1.8547587394714355,-49.84972700500657,-0.45154982092437035
S59_SI,2023-07-03,2023-08-01,2.200693845748902,2.2056384086608887,-74.33035757088692,-0.6732992240532212
A17U_SI,2023-07-03,2023-09-04,2.296610116958618,2.360595703125,205.93277364516325,1.8651577103432717
Z74_SI,2023-08-01,2023-09-04,2.2834248542785645,2.103389263153076,-959.5253511028277,-8.709780332005822
AJBU_SI,2023-07-03,2023-10-02,1.819567084312439,1.7573115825653076,-473.24279271840896,-4.2867588878085385
NIO_SI,2023-08-01,2023-10-02,14.850000381469728,9.109999656677246,-4315.691695023537,-39.20285030322589
J69U_SI,2023-09-04,2023-10-02,1.9618130922317505,1.8833404779434204,-520.3499504889242,-4.860133994372771
BS6_SI,2023-07-03,2023-11-01,1.268904685974121,1.2515223026275637,-248.80992813658486,-2.2535675690353045
C6L_SI,2023-07-03,2023-11-01,6.104522705078125,5.285011291503906,-1567.375769805907,-14.200347398129773
U96_SI,2023-07-03,2023-11-01,5.076019287109375,4.286991596221924,-1799.4640843021862,-16.300918556381205
AIY_SI,2023-08-01,2023-11-01,5.539309978485107,6.60952615737915,2009.7663578233733,18.251315308657002
C52_SI,2023-08-01,2023-11-01,1.0762468576431274,1.1534265279769895,684.2191676044458,6.2109668995985245
EB5_SI,2023-08-01,2023-11-01,1.2600537538528442,1.289896845817566,159.8778073730482,1.4512100843431377
5E2_SI,2023-09-04,2023-11-01,2.860548734664917,2.1160221099853516,-2857.5483669083105,-26.69017658882202
E28_SI,2023-10-02,2023-11-01,1.0632001161575315,1.0062428712844849,-570.2510982137883,-6.205121636269658
ES3_SI,2023-10-02,2023-11-01,2.8827853202819824,2.766416072845459,-449.9017442078584,-4.89649552357444
Z74_SI,2023-10-02,2023-11-01,2.1746902465820312,2.130126953125,-268.9744223899834,-2.926787043354067
A17U_SI,2024-01-02,2024-02-01,2.5123486518859863,2.3943185806274414,-554.9760023410308,-5.551872861542773
AIY_SI,2024-01-02,2024-02-01,7.985737323760986,7.060559272766113,-1237.1364365563386,-12.377547278953445
C38U_SI,2024-01-02,2024-02-01,1.7467089891433716,1.7038975954055786,-332.41632495236263,-3.3249827961611214
C52_SI,2024-01-02,2024-02-01,1.2320691347122192,1.2233309745788574,-159.84310693013686,-1.5988401460915276
E28_SI,2024-01-02,2024-02-01,1.3005216121673584,1.2340714931488037,-595.8303455064288,-5.959686155020853
J69U_SI,2024-01-02,2024-02-01,2.020377397537231,2.08573055267334,230.9095472681547,2.3097503409422138
M44U_SI,2024-01-02,2024-02-01,1.446516513824463,1.3046343326568604,-1061.3250366401662,-10.61662882571936
ME8U_SI,2024-01-02,2024-02-01,2.111086130142212,2.054823398590088,-353.5939553697099,-3.5371979162528637
O5RU_SI,2024-01-02,2024-02-01,1.0863209962844849,1.0616319179534912,-314.7592863696809,-3.148329290561556
S58_SI,2024-01-02,2024-02-01,2.653324842453003,2.7208638191223145,162.62508397352758,1.62667242756465
ME8U_SI,2024-04-01,2024-05-02,2.012014389038086,1.917834997177124,-532.3594153968097,-5.534880022951584
Z74_SI,2024-04-01,2024-05-02,2.3143832683563232,2.168595314025879,-686.582137843965,-7.138743170215751
9A4U_SI,2024-04-01,2024-06-03,2.439304828643799,2.3173398971557617,-562.7265935599789,-5.851157143781784
AIY_SI,2024-04-01,2024-06-03,6.593101501464844,6.627742767333984,-36.08587841033841,-0.375258866319333
U96_SI,2024-04-01,2024-06-03,4.806084632873535,4.623480319976807,-448.27441152763276,-4.661366596535725
C2PU_SI,2024-05-02,2024-06-03,3.234654664993286,3.2527763843536377,-30.856884648084815,-0.34075108348703453
C38U_SI,2024-04-01,2024-07-01,1.7517485618591309,1.7253402471542358,-229.873801612257,-2.3900013161389038
CC3_SI,2024-04-01,2024-07-01,1.0063287019729614,1.0675686597824097,493.95100568962334,5.134990446764148
C52_SI,2024-04-01,2024-08-01,1.2408071756362915,1.246254563331604,-44.329458633541435,-0.46088193955783596
E28_SI,2024-04-01,2024-08-01,1.5758144855499268,1.244005560874939,-2093.515044149457,-21.763654373459218
C6L_SI,2024-06-03,2024-08-01,5.948553085327148,5.7990193367004395,-313.109434541464,-3.3872289886348814
O5RU_SI,2024-07-01,2024-08-01,1.06748366355896,1.118722438812256,378.3209471290138,3.860984481164277
C2PU_SI,2024-08-01,2024-09-02,3.3162009716033936,3.515472173690796,459.9147484357363,5.059213623036477
T82U_SI,2024-08-01,2024-09-02,1.087212324142456,1.105182647705078,67.47845157217853,0.7421033531478807
VC2_SI,2024-05-02,2024-10-01,1.0124388933181765,1.0039467811584473,-156.40630787515875,-1.7272307109650196
ES3_SI,2024-06-03,2024-10-01,3.081576108932495,3.3699264526367188,774.5846049631837,8.377429831630485
C38U_SI,2024-08-01,2024-10-01,1.8837897777557373,1.9438568353652952,205.85892292171593,2.2640912545491245
CY6U_SI,2024-09-02,2024-10-01,1.0067318677902222,1.0067318677902222,-84.20909381318052,-0.8959681433548986
ME8U_SI,2024-09-02,2024-10-01,2.1704964637756348,2.1793196201324463,-46.347630065558405,-0.49310622523843894
9CI_SI,2024-10-01,2024-11-01,2.9422528743743896,2.712986469268799,-811.7766481183771,-8.618358463076893
N2IU_SI,2024-10-01,2024-11-01,1.3470935821533203,1.1608017683029177,-1375.335884118017,-14.601229677561498
NIO_SI,2024-10-01,2024-11-01,7.010000228881836,5.25,-2426.882597392081,-25.778009948741587
BS6_SI,2024-04-01,2024-12-02,1.65131413936615,2.1939001083374023,3046.113245663346,31.667464744427434
C2PU_SI,2024-10-01,2024-12-02,3.783759117126465,3.552722930908203,-654.3167807664868,-6.947256518287442
ME8U_SI,2024-11-01,2024-12-02,2.1175575256347656,2.0848278999328613,-192.2054203553198,-2.427750788667108
Z74_SI,2024-06-03,2025-01-02,2.2597126960754395,2.8953068256378174,2494.903510945558,26.979230758454342
AIY_SI,2024-12-02,2025-01-02,7.431488037109375,7.2940497398376465,-266.24010496926167,-2.728802876200463
X5N_SI,2024-12-02,2025-01-02,1.5953487157821655,1.5627906322479248,-284.87430726689126,-2.9184960808828166
S58_SI,2024-07-01,2025-02-03,2.759458065032959,3.2600138187408447,1673.7098403662458,17.08114627273275
T82U_SI,2024-10-01,2025-02-03,1.195035099983215,1.088889241218567,-913.4589245822408,-9.69862387171836
D01_SI,2024-11-01,2025-02-03,1.920915961265564,1.840205192565918,-400.59974439841426,-5.060003818874074
AJBU_SI,2024-08-01,2025-03-03,1.847270965576172,1.9373619556427,357.9946954131101,3.9373132300493863
BS6_SI,2025-01-02,2025-03-03,2.6724050045013428,2.1848716735839844,-1951.4772120362522,-18.97575720116121
C2PU_SI,2025-02-03,2025-03-03,3.627714157104492,3.6024410724639893,-146.0249862964156,-1.5863931539426257
OV8_SI,2024-12-02,2025-04-01,1.5773069858551023,1.5677475929260254,-146.09048550545958,-1.4965959157982094
C6L_SI,2025-02-03,2025-04-01,6.061760425567627,6.382788181304932,400.72125795364445,4.3525310875393926
AIY_SI,2025-03-03,2025-04-01,8.364106178283691,7.146793842315674,-1375.922071698904,-15.319572764311165
U10_SI,2025-03-03,2025-04-01,1.6605517864227295,1.651477575302124,-129.19531342220216,-1.4375296383491079
5E2_SI,2025-01-02,2025-05-02,2.0278544425964355,1.9005014896392824,-732.2592704390245,-7.1198818729535
EB5_SI,2025-03-03,2025-05-02,1.41849684715271,1.3471258878707886,-528.712978106736,-5.882337930860939
H22_SI,2025-04-01,2025-05-02,1.1532063484191897,1.0400439500808716,-952.0218069859748,-10.620897203334751
ES3_SI,2024-11-01,2025-06-02,3.344003915786743,3.7545320987701416,892.3243050534729,11.270584034519988
F03_SI,2025-04-01,2025-06-02,1.005266189575195,1.3681623935699463,3126.6194379647986,34.88010523333873
Z74_SI,2025-02-03,2025-07-01,3.017116069793701,3.616791248321533,1731.1210454216016,18.801725489136093
C2PU_SI,2025-05-02,2025-07-01,3.960799217224121,3.904216289520264,-201.42633949041192,-2.3117420723437268
OV8_SI,2025-05-02,2025-07-01,1.7136174440383911,1.8304550647735596,510.70160848319756,5.861128854972214
U14_SI,2025-05-02,2025-07-01,5.4807281494140625,6.113738536834717,918.8814245600715,10.55029955872601
C6L_SI,2025-06-02,2025-07-01,6.7226996421813965,6.628279685974121,-240.09201038789797,-2.287878959830496
U96_SI,2025-01-02,2025-08-01,5.08939266204834,7.188259601593018,4109.714801264527,39.97456196735939
S59_SI,2025-06-02,2025-08-01,2.5557010173797607,2.9977192878723145,1705.6440255963807,16.244453393521596
558_SI,2025-07-01,2025-09-01,1.0280914306640625,1.059306502342224,206.15036491459432,2.1130438625148464
F9D_SI,2025-07-01,2025-09-01,1.307559847831726,1.3951783180236816,560.4882706539629,5.74490850602624
U10_SI,2025-07-01,2025-09-01,2.0785000324249268,2.3213155269622803,1041.9322681579597,10.681609018307276
E28_SI,2025-08-01,2025-09-01,1.6333791017532349,1.3858973979949951,-2125.6193036738623,-15.911731860955566
U14_SI,2025-08-01,2025-09-01,6.758317947387695,7.1782708168029785,702.6875786936307,5.2622243052423014
H78_SI,2024-06-03,2025-10-01,3.0565831661224365,6.238108158111572,9456.773029662609,102.25907034977206
OU8_SI,2025-04-01,2025-10-01,1.148423671722412,1.502197027206421,2656.140019372702,29.633153430163098
P8Z_SI,2025-09-01,2025-10-01,1.1167056560516355,1.068571925163269,-585.2396781187017,-5.167681798147446
U06_SI,2025-09-01,2025-10-01,3.172086715698242,3.0436220169067383,-555.971369265555,-4.909531057155967
D01_SI,2025-04-01,2025-11-03,1.9388079643249512,3.269376754760742,6015.421276237967,67.11733395834074
YF8_SI,2025-09-01,2025-11-03,1.090000033378601,1.0800000429153442,-204.42929991245,-1.805178549858165
S59_SI,2025-10-01,2025-11-03,3.316831588745117,3.4328722953796387,334.61545494318125,2.5712268526159896
F03_SI,2025-07-01,2025-12-01,1.4546546936035156,2.0624051094055176,3952.2741889388562,40.509402377483966
F9D_SI,2025-10-01,2025-12-01,1.575507402420044,1.6085999011993408,154.33403088450723,1.18564699104679
E28_SI,2025-11-03,2025-12-01,1.663076877593994,1.3759981393814087,-2378.3671853392098,-18.003211230244336
5TP_SI,2025-10-01,2026-01-02,1.1179029941558838,0.9926207065582277,-1562.3656361560788,-12.002459391754
NIO_SI,2025-10-01,2026-01-02,7.699999809265137,5.5,-3800.310477740286,-29.21140406319464
OV8_SI,2025-12-01,2026-01-02,2.639286994934082,2.5997471809387207,-300.6189730684746,-2.3806702592382707
BS6_SI,2025-11-03,2026-02-02,3.35703706741333,3.175833225250244,-824.92708796644,-6.245337538347601
D01_SI,2025-12-01,2026-02-02,3.375150442123413,3.96171498298645,2061.968708026412,16.327237737535235
EB5_SI,2025-12-01,2026-02-02,1.9672821760177612,2.0150318145751953,190.60875158250383,1.5094731087578397
AIY_SI,2026-01-02,2026-02-02,9.435606956481934,10.208691596984863,797.6583710193645,7.223891574588634
H22_SI,2025-07-01,2026-03-02,1.574645757675171,3.03684401512146,8890.84234179497,91.13091598621264
OYY_SI,2025-09-01,2026-03-02,2.2482123374938965,1.8403090238571167,-2137.4765220509744,-18.876860034621924
P8Z_SI,2025-11-03,2026-03-02,1.3477483987808228,1.284901738166809,-728.860014435053,-5.517273916160247
C09_SI,2026-01-02,2026-04-01,7.726253509521484,8.03453254699707,337.75687681484305,3.0583022560134188
5TP_SI,2026-02-02,2026-04-01,1.2624592781066897,1.455201268196106,1849.5312556477784,14.234427471924857
F17_SI,2026-02-02,2026-04-01,2.680000066757202,2.4000000953674316,-1461.6022254478921,-11.250119409495703
PCT_SI,2026-02-02,2026-04-01,1.2779611349105835,1.2411853075027466,-486.9895263276085,-3.7478802018822104
U14_SI,2026-02-02,2026-04-01,10.586729049682615,9.717523574829102,-1172.8616008415174,-9.032736985326471
BS6_SI,2026-03-02,2026-04-01,4.224907398223877,3.776666641235352,-1540.392379568335,-11.410391791719917
F9D_SI,2026-03-02,2026-04-01,2.077775001525879,1.857550024986267,-1539.1946524190298,-11.40008099223536
G92_SI,2025-09-01,2026-05-01,1.3083504438400269,2.069927453994751,6431.511303597868,56.79144475967519
544_SI,2026-01-02,2026-05-01,1.0119727849960327,1.3601055145263672,3667.1601848420505,33.1971988165158
E28_SI,2026-03-02,2026-05-01,2.0689468383789062,2.680000066757202,3831.170238581777,28.37391810406444
558_SI,2026-04-01,2026-05-01,1.5895670652389526,2.1523332595825195,4218.928824191096,34.190565839207075
EB5_SI,2026-04-01,2026-05-01,2.7312750816345215,3.3329195976257324,2583.4516684255614,20.93464045410875
HQU_SI,2026-04-01,2026-05-01,1.4401098489761353,2.2545166015625,6805.869144191325,55.149057039945184
OV8_SI,2026-04-01,2026-05-01,2.8369860649108887,2.995145797729492,571.1925537610077,4.629003372564669
P52_SI,2026-04-01,2026-05-01,1.5978587865829468,1.5203869342803955,-703.4824294610007,-5.7010066004793885
P8Z_SI,2026-04-01,2026-05-01,1.83417284488678,2.0303409099578857,1197.453390761495,9.703385251424736
U10_SI,2026-04-01,2026-05-01,3.428553819656372,3.9530351161956783,1760.1994362931255,14.26442129619472
ES3_SI,2026-05-01,2026-07-01,4.899765491485596,5.167436599731445,3463.170115662113,4.518022808823765
F03_SI,2026-05-01,2026-07-01,2.5959227085113525,2.319133996963501,-8786.654495774259,-11.46287647111802
544_SI,2026-07-01,2026-08-03,1.3104666471481323,1.2509000301361084,-802.7795256392947,-5.400693176074406
P8Z_SI,2026-07-01,2026-08-03,1.6183878183364868,1.6576215028762815,223.95157988262144,1.5065563186013344
HQU_SI,2026-07-01,2026-09-01,1.444858193397522,1.399999976158142,-590.5545291423769,-3.9728307798673996
MZH_SI,2026-07-01,2026-09-01,1.1923810243606567,0.925000011920929,-3436.7204175752686,-23.1191802150977
BS6_SI,2026-08-03,2026-09-01,3.990000009536743,4.760000228881836,2669.7045475666528,18.22937674015545
S58_SI,2026-08-03,2026-09-01,4.809999942779541,3.9200000762939458,-2816.6624305779897,-19.23330206640457
VC2_SI,2026-07-01,2026-10-01,1.1311476230621338,0.9449999928474426,-2557.404032469569,-17.205051324642184
P8Z_SI,2026-09-01,2026-10-01,2.119999885559082,1.9800000190734863,-1024.853733653068,-7.440568132545733
